29    33    61
57    33    59
17    61    31
73    61    31
31    15    33
59    15    33
23    67    63
64    71    61
19    61    63	
69    59    61
31    73    65
57    73    65
23    21    41
63    20    40
19    43    60
69    44    57
12    49    51
75    47    49
15    67    47
71    65    47
14    56    51
73    53    51
19    29    31
69    29    31
20    33    49
69    34    51
19    74    31
69    75    31
33    59    27
55    62    26
32    41    58
59    42    56
40    41    59
49    43    59
26    62    17
64    62    19
21    49    41
65    49    39
37    51    67
53    49    67
19    33    58
68    33    59
39    55    73
49    56    73
29    49    71
59    49    71
41    46    71
49    44    71
13    51    39
75    49    39
21    82    44
65    82    47
29    43    28
59    41    29
35    34    47
53    33    47
39    37    70
49    36    67
20    31    40
70    31    40
45    95    45
45    83    61
43    91    31
46    23    53
